#Mon Jul 30 23:00:38 CEST 2018
posY=87.0
posX=313.0
width=800.0
folderPath=/home/st3no/Desktop
red=0.7764706015586853
alpha=1.0
green=0.1568627506494522
filePaths=
blu=0.1568627506494522
height=600.0
