posY=0.0
posX=0.0
width=800.0
folderPath=
red=0.0
alpha=1.0
green=0.7372549176216125
filePaths=;
blu=0.8313725590705872
height=0.0
